4346704149
4351778628
4352999603
4357830223
4360053285
4368979403
4371727536
4372368161
4372468004
4372482810
4372693407
4372899733
4373081849
4373109759
4373471367
4373946376
4374243946
4374891542
4375112810
4375140623
4375202921
4375223553
4375225528
4375226171
4375324051
4375518332
4375521803
4375537686
4375708512
4375907659
4375932512
4375947657
4375967216
4376367703
4376649232
4376782445
4377233880
4377259350
4377598782
4377615733
4377660433
4377749112
4377912517
4378178161
4378323469
4378349141
4378364156
4378690376
4378910539
4379445718
4379650786
4379915961
4380340326
4381981225
